Tempo soma 1thrd 100*100:
0.000035 
0.000046 
0.000032 
0.000031 
0.000031 
0.000057 
0.000052 
0.000052 
0.000036 
0.000051 
0.000033 
0.000030 
0.000039 
0.000046 
0.000036 
0.000033 
0.000033 
0.000032 
0.000032 
0.000028 
0.000037 
0.000033 
0.000031 
0.000029 
0.000032 
0.000032 
0.000029 
0.000029 
0.000032 
0.000033 
0.000031 
0.000028 
0.000033 
0.000035 
0.000030 
0.000035 
0.000039 
0.000043 
0.000032 
0.000031 
0.000034 
0.000031 
0.000031 
0.000029 
0.000029 
0.000032 
0.000031 
0.000030 
0.000031 
0.000031 
0.000032 
0.000031 
0.000032 
0.000033 
0.000031 
0.000029 
0.000029 
0.000032 
0.000033 
0.000032 
0.000031 
0.000094 
0.000036 
0.000029 
0.000034 
0.000031 
0.000030 
0.000029 
0.000037 
0.000031 
0.000030 
0.000030 
0.000030 
0.000032 
0.000030 
0.000032 
0.000038 
0.000032 
0.000033 
0.000031 
0.000031 
0.000031 
0.000032 
0.000034 
0.000032 
0.000031 
0.000031 
0.000029 
0.000032 
0.000031 
0.000031 
0.000033 
0.000031 
0.000032 
0.000029 
0.000032 
0.000035 
0.000031 
0.000032 
0.000031 

Tempo soma 2thrd 100*100:
0.000112 
0.000072 
0.000060 
0.000073 
0.000084 
0.000081 
0.000101 
0.000096 
0.000134 
0.000105 
0.000075 
0.000112 
0.000068 
0.000065 
0.000072 
0.000083 
0.000109 
0.000066 
0.000080 
0.000072 
0.000070 
0.000058 
0.000086 
0.000068 
0.000064 
0.000061 
0.000067 
0.000073 
0.000063 
0.000070 
0.000065 
0.000070 
0.000075 
0.000065 
0.000065 
0.000066 
0.000070 
0.000066 
0.000066 
0.000062 
0.000060 
0.000075 
0.000067 
0.000075 
0.000081 
0.000074 
0.000072 
0.000063 
0.000073 
0.000074 
0.000072 
0.000065 
0.000057 
0.000061 
0.000060 
0.000069 
0.000061 
0.000065 
0.000064 
0.000069 
0.000069 
0.000058 
0.000071 
0.000071 
0.000058 
0.000064 
0.000069 
0.000064 
0.000064 
0.000067 
0.000060 
0.000063 
0.000072 
0.000102 
0.000071 
0.000063 
0.000064 
0.000077 
0.000079 
0.000069 
0.000063 
0.000065 
0.000086 
0.000069 
0.000066 
0.000058 
0.000079 
0.000071 
0.000065 
0.000067 
0.000076 
0.000088 
0.000068 
0.000066 
0.000071 
0.000072 
0.000084 
0.000057 
0.000069 
0.000066 

Tempo soma 2thrd 100*100:
0.000132 
0.000076 
0.000071 
0.000066 
0.000077 
0.000060 
0.000057 
0.000081 
0.000066 
0.000084 
0.000068 
0.000078 
0.000078 
0.000068 
0.000067 
0.000089 
0.000065 
0.000059 
0.000063 
0.000071 
0.000064 
0.000071 
0.000063 
0.000065 
0.000064 
0.000067 
0.000066 
0.000067 
0.000075 
0.000072 
0.000064 
0.000065 
0.000063 
0.000067 
0.000058 
0.000059 
0.000077 
0.000064 
0.000080 
0.000072 
0.000065 
0.000073 
0.000062 
0.000066 
0.000067 
0.000079 
0.000061 
0.000057 
0.000058 
0.000066 
0.000081 
0.000068 
0.000069 
0.000071 
0.000067 
0.000064 
0.000073 
0.000073 
0.000066 
0.000080 
0.000067 
0.000073 
0.000067 
0.000073 
0.000065 
0.000072 
0.000072 
0.000070 
0.000065 
0.000056 
0.000062 
0.000082 
0.000056 
0.000069 
0.000063 
0.000073 
0.000070 
0.000067 
0.000066 
0.000066 
0.000075 
0.000068 
0.000060 
0.000067 
0.000073 
0.000071 
0.000061 
0.000067 
0.000068 
0.000076 
0.000065 
0.000073 
0.000068 
0.000073 
0.000065 
0.000069 
0.000073 
0.000062 
0.000064 
0.000066 

Tempo soma 4thrd 100*100:
0.000139 
0.000114 
0.000136 
0.000143 
0.000247 
0.000136 
0.000162 
0.000165 
0.000143 
0.000099 
0.000101 
0.000096 
0.000165 
0.000120 
0.000119 
0.000094 
0.000137 
0.000098 
0.000100 
0.000095 
0.000109 
0.000109 
0.000113 
0.000091 
0.000123 
0.000093 
0.000110 
0.000096 
0.000112 
0.000088 
0.000109 
0.000093 
0.000118 
0.000084 
0.000095 
0.000092 
0.000120 
0.000103 
0.000088 
0.000116 
0.000099 
0.000087 
0.000131 
0.000096 
0.000110 
0.000086 
0.000116 
0.000091 
0.000140 
0.000098 
0.000123 
0.000088 
0.000152 
0.000095 
0.000089 
0.000086 
0.000106 
0.000103 
0.000101 
0.000092 
0.000107 
0.000084 
0.000132 
0.000099 
0.000091 
0.000093 
0.000094 
0.000106 
0.000097 
0.000098 
0.000093 
0.000146 
0.000122 
0.000100 
0.000106 
0.000094 
0.000111 
0.000103 
0.000116 
0.000115 
0.000097 
0.000134 
0.000122 
0.000084 
0.000123 
0.000102 
0.000103 
0.000104 
0.000101 
0.000111 
0.000100 
0.000089 
0.000101 
0.000088 
0.000092 
0.000125 
0.000097 
0.000105 
0.000094 
0.000098 

Tempo soma 1thrd 1000*1000:
0.004077 
0.003973 
0.004022 
0.004278 
0.004081 
0.004099 
0.004194 
0.004212 
0.004458 
0.004232 
0.004258 
0.004250 
0.004200 
0.004221 
0.004266 
0.004220 
0.004187 
0.004257 
0.004271 
0.004285 
0.004229 
0.004274 
0.004274 
0.004262 
0.004311 
0.004381 
0.004231 
0.004258 
0.004251 
0.004309 
0.004333 
0.004274 
0.004200 
0.004285 
0.004334 
0.004264 
0.004265 
0.004262 
0.004267 
0.004306 
0.004273 
0.004285 
0.004296 
0.004255 
0.004312 
0.004252 
0.004270 
0.004279 
0.004155 
0.004019 
0.004034 
0.004020 
0.004029 
0.003994 
0.003928 
0.004107 
0.005278 
0.005272 
0.004269 
0.004227 
0.004203 
0.004158 
0.004228 
0.004281 
0.004274 
0.004321 
0.004255 
0.004259 
0.004288 
0.004279 
0.004263 
0.004394 
0.004244 
0.004283 
0.004286 
0.004253 
0.004253 
0.004366 
0.004284 
0.004333 
0.004127 
0.004096 
0.004019 
0.004081 
0.004103 
0.004102 
0.004096 
0.004197 
0.004236 
0.004201 
0.004181 
0.004336 
0.004046 
0.004220 
0.004196 
0.004187 
0.004241 
0.004300 
0.004347 
0.004333 

Tempo soma 2thrd 1000*1000:
0.002868 
0.003065 
0.003063 
0.002942 
0.003059 
0.003458 
0.003187 
0.003015 
0.003087 
0.003526 
0.003054 
0.003238 
0.003122 
0.003143 
0.002999 
0.003109 
0.003033 
0.003311 
0.003176 
0.003174 
0.003134 
0.003122 
0.003185 
0.003044 
0.003275 
0.003152 
0.003200 
0.003170 
0.003640 
0.003147 
0.003107 
0.003282 
0.003234 
0.003308 
0.003135 
0.003359 
0.003141 
0.003308 
0.003315 
0.003271 
0.003242 
0.003113 
0.003189 
0.003233 
0.003310 
0.003423 
0.003339 
0.003101 
0.003378 
0.003232 
0.003042 
0.003160 
0.003116 
0.003258 
0.003296 
0.003273 
0.003213 
0.003248 
0.003310 
0.003196 
0.003067 
0.003298 
0.003301 
0.003229 
0.003192 
0.003251 
0.003552 
0.004220 
0.003338 
0.003338 
0.003551 
0.003208 
0.003212 
0.003199 
0.002848 
0.003014 
0.002994 
0.003534 
0.003085 
0.003148 
0.002968 
0.003018 
0.003261 
0.004348 
0.003125 
0.003460 
0.003146 
0.003554 
0.003491 
0.003569 
0.003067 
0.003036 
0.003279 
0.003137 
0.003381 
0.003061 
0.003175 
0.003403 
0.003222 
0.003200 

Tempo soma 4thrd 1000*1000:
0.002217 
0.002365 
0.002399 
0.002318 
0.002349 
0.002391 
0.002343 
0.002300 
0.002293 
0.002392 
0.002133 
0.002342 
0.002318 
0.002393 
0.002384 
0.002454 
0.002451 
0.002567 
0.002449 
0.002412 
0.002377 
0.002448 
0.002387 
0.002458 
0.002417 
0.002403 
0.002448 
0.002377 
0.002453 
0.002330 
0.002311 
0.002237 
0.002562 
0.002463 
0.002914 
0.003117 
0.003868 
0.003604 
0.003169 
0.002477 
0.002326 
0.002109 
0.002429 
0.002233 
0.002423 
0.002376 
0.002968 
0.002671 
0.002232 
0.002432 
0.002409 
0.002420 
0.002394 
0.002814 
0.002691 
0.002437 
0.002504 
0.002432 
0.002404 
0.002310 
0.002377 
0.002405 
0.002555 
0.002370 
0.002272 
0.002578 
0.002236 
0.002358 
0.002276 
0.002338 
0.002273 
0.002468 
0.002209 
0.002300 
0.002658 
0.002558 
0.002706 
0.002473 
0.003014 
0.002246 
0.002351 
0.002442 
0.002421 
0.002941 
0.002525 
0.002349 
0.002459 
0.002442 
0.002468 
0.002428 
0.002468 
0.002481 
0.002451 
0.002467 
0.002254 
0.002371 
0.002380 
0.002514 
0.002513 
0.003000 
