Tempo redução 1thrd 100*100:
0.000004 
0.000006 
0.000003 
0.000003 
0.000003 
0.000003 
0.000004 
0.000003 
0.000004 
0.000003 
0.000004 
0.000003 
0.000004 
0.000004 
0.000004 
0.000004 
0.000004 
0.000003 
0.000004 
0.000004 
0.000004 
0.000004 
0.000004 
0.000004 
0.000003 
0.000006 
0.000003 
0.000004 
0.000003 
0.000003 
0.000004 
0.000004 
0.000003 
0.000004 
0.000003 
0.000003 
0.000003 
0.000004 
0.000004 
0.000004 
0.000003 
0.000004 
0.000004 
0.000004 
0.000003 
0.000004 
0.000003 
0.000003 
0.000003 
0.000003 
0.000003 
0.000004 
0.000003 
0.000003 
0.000003 
0.000004 
0.000003 
0.000003 
0.000003 
0.000004 
0.000003 
0.000003 
0.000003 
0.000004 
0.000003 
0.000003 
0.000003 
0.000003 
0.000003 
0.000003 
0.000003 
0.000003 
0.000003 
0.000003 
0.000003 
0.000004 
0.000003 
0.000003 
0.000003 
0.000003 
0.000003 
0.000003 
0.000003 
0.000004 
0.000003 
0.000003 
0.000003 
0.000003 
0.000003 
0.000003 
0.000003 
0.000003 
0.000003 
0.000004 
0.000003 
0.000003 
0.000003 
0.000003 
0.000003 
0.000003 

Tempo redução 2thrd 100*100:
0.001471 
0.000907 
0.000790 
0.000816 
0.001127 
0.000920 
0.000859 
0.000835 
0.000885 
0.000851 
0.000966 
0.000870 
0.000974 
0.001092 
0.000860 
0.000965 
0.000924 
0.000894 
0.000900 
0.000849 
0.000945 
0.000808 
0.000819 
0.000918 
0.000884 
0.000840 
0.000862 
0.000850 
0.000914 
0.001007 
0.000875 
0.000952 
0.000826 
0.000843 
0.000856 
0.000832 
0.000975 
0.000869 
0.000877 
0.000864 
0.000863 
0.000952 
0.000914 
0.000862 
0.000914 
0.000854 
0.000903 
0.000956 
0.000848 
0.000843 
0.001006 
0.000862 
0.000865 
0.000863 
0.000860 
0.000833 
0.001069 
0.000828 
0.000824 
0.000920 
0.000839 
0.000832 
0.000902 
0.000821 
0.000814 
0.000830 
0.000847 
0.000837 
0.000920 
0.000843 
0.000837 
0.000872 
0.000905 
0.001035 
0.000848 
0.000948 
0.000860 
0.000908 
0.001110 
0.001065 
0.000831 
0.000824 
0.000964 
0.000939 
0.000825 
0.000990 
0.000922 
0.000870 
0.000930 
0.000870 
0.000868 
0.000960 
0.000838 
0.001071 
0.000812 
0.000816 
0.000840 
0.000779 
0.000861 
0.000975 

Tempo redução 4thrd 100*100:
0.001230 
0.000936 
0.000902 
0.000878 
0.000883 
0.000868 
0.000916 
0.000929 
0.000883 
0.000884 
0.000844 
0.001133 
0.000836 
0.000842 
0.000851 
0.001115 
0.000954 
0.000872 
0.000894 
0.001060 
0.000946 
0.000959 
0.001002 
0.000951 
0.000890 
0.000956 
0.000926 
0.000876 
0.000880 
0.000999 
0.001293 
0.001001 
0.000927 
0.000881 
0.001021 
0.000863 
0.000942 
0.000853 
0.000894 
0.001102 
0.000886 
0.000878 
0.000874 
0.001064 
0.001290 
0.001140 
0.000972 
0.000980 
0.001069 
0.001118 
0.000921 
0.000953 
0.001551 
0.000889 
0.000964 
0.000877 
0.001080 
0.000891 
0.000926 
0.000888 
0.000956 
0.000873 
0.000859 
0.000893 
0.000859 
0.000812 
0.000851 
0.000881 
0.001006 
0.000914 
0.000838 
0.000910 
0.000929 
0.000820 
0.000977 
0.000880 
0.000901 
0.000985 
0.000940 
0.000865 
0.000879 
0.000889 
0.000837 
0.000814 
0.000901 
0.000925 
0.001515 
0.000988 
0.000896 
0.000868 
0.000869 
0.001046 
0.001052 
0.000886 
0.001155 
0.000854 
0.000922 
0.000836 
0.000821 
0.000888 

Tempo redução 1thrd 1000*1000:
0.000424 
0.000435 
0.000363 
0.000408 
0.000436 
0.000469 
0.000680 
0.000553 
0.001373 
0.001141 
0.000446 
0.000503 
0.000410 
0.000563 
0.000623 
0.000560 
0.000557 
0.000405 
0.000543 
0.000486 
0.000420 
0.000488 
0.000389 
0.000379 
0.000424 
0.000425 
0.000411 
0.000397 
0.000454 
0.000396 
0.000390 
0.000602 
0.000438 
0.000417 
0.000403 
0.000317 
0.000375 
0.000429 
0.000432 
0.000411 
0.000390 
0.000501 
0.000479 
0.000438 
0.000618 
0.000413 
0.000400 
0.000383 
0.000415 
0.000387 
0.000457 
0.000422 
0.000563 
0.000443 
0.000435 
0.000407 
0.000510 
0.000573 
0.000390 
0.000417 
0.000443 
0.000416 
0.000399 
0.000400 
0.000446 
0.000457 
0.000442 
0.000593 
0.000416 
0.000479 
0.000392 
0.000432 
0.000428 
0.000451 
0.000475 
0.000385 
0.000394 
0.000510 
0.000405 
0.000403 
0.000393 
0.000410 
0.000445 
0.000585 
0.001607 
0.000549 
0.000548 
0.000449 
0.000479 
0.000438 
0.000487 
0.000555 
0.000592 
0.000593 
0.000557 
0.000397 
0.000469 
0.000500 
0.000630 
0.000724 

Tempo redução 2thrd 1000*1000:
0.039361 
0.039676 
0.038543 
0.039786 
0.040781 
0.038823 
0.039491 
0.038913 
0.038678 
0.090632 
0.038606 
0.039470 
0.039116 
0.040746 
0.059060 
0.038838 
0.038877 
0.054687 
0.039140 
0.039281 
0.060605 
0.039343 
0.039613 
0.039128 
0.038601 
0.040030 
0.057582 
0.038760 
0.038915 
0.060516 
0.041595 
0.039378 
0.038677 
0.038557 
0.038628 
0.038851 
0.038830 
0.039291 
0.038801 
0.061169 
0.059913 
0.057590 
0.039075 
0.038596 
0.038831 
0.038660 
0.038721 
0.039204 
0.038732 
0.038690 
0.038814 
0.038807 
0.057617 
0.059650 
0.038703 
0.038758 
0.038648 
0.039743 
0.056670 
0.039084 
0.059578 
0.038650 
0.038838 
0.038616 
0.038992 
0.038699 
0.056701 
0.039251 
0.039929 
0.038896 
0.038731 
0.040942 
0.039058 
0.057795 
0.038614 
0.058071 
0.057546 
0.038794 
0.039458 
0.038902 
0.038687 
0.039974 
0.039397 
0.039532 
0.057296 
0.038854 
0.038710 
0.039930 
0.039882 
0.038838 
0.038716 
0.038666 
0.039213 
0.040275 
0.048767 
0.038860 
0.039285 
0.038855 
0.038867 
0.038938 

Tempo redução 4thrd 1000*1000:
0.039529 
0.040226 
0.039803 
0.039537 
0.039045 
0.040057 
0.039368 
0.040003 
0.046295 
0.041291 
0.041044 
0.041339 
0.043615 
0.042130 
0.062758 
0.040636 
0.040980 
0.040251 
0.039908 
0.040611 
0.062596 
0.041618 
0.040912 
0.040812 
0.041105 
0.041534 
0.042995 
0.040777 
0.042215 
0.063545 
0.040454 
0.041328 
0.042662 
0.040035 
0.040203 
0.041845 
0.041007 
0.069777 
0.041069 
0.063472 
0.040180 
0.042746 
0.069099 
0.060123 
0.040940 
0.042471 
0.063073 
0.040314 
0.061574 
0.041713 
0.040979 
0.040772 
0.040173 
0.041777 
0.043070 
0.040559 
0.041298 
0.040488 
0.039941 
0.040855 
0.041949 
0.040679 
0.041951 
0.055249 
0.057688 
0.039897 
0.062881 
0.041081 
0.059548 
0.041217 
0.041588 
0.041354 
0.040988 
0.040695 
0.043645 
0.039825 
0.039479 
0.040015 
0.043757 
0.040197 
0.040299 
0.077442 
0.040642 
0.040470 
0.046307 
0.061933 
0.040981 
0.039245 
0.041103 
0.040881 
0.039986 
0.041521 
0.040763 
0.039573 
0.041053 
0.039985 
0.040726 
0.040089 
0.041064 
0.043079 
