Tempo total 1 thrd 100*100:
0.003647 
0.003569 
0.003201 
0.003521 
0.003735 
0.003590 
0.003432 
0.003722 
0.003549 
0.003475 
0.003179 
0.003713 
0.003522 
0.003605 
0.003589 
0.004052 
0.003747 
0.003226 
0.003145 
0.003959 
0.003414 
0.003233 
0.003229 
0.003749 
0.003397 
0.003306 
0.003217 
0.004177 
0.003444 
0.003679 
0.003298 
0.003468 
0.003380 
0.003517 
0.003208 
0.003423 
0.003706 
0.003652 
0.003327 
0.003361 
0.003593 
0.003544 
0.003606 
0.003404 
0.003752 
0.003462 
0.003190 
0.003235 
0.003455 
0.003414 
0.003081 
0.003143 
0.003492 
0.003406 
0.003329 
0.003276 
0.004031 
0.003586 
0.003336 
0.003404 
0.003793 
0.003623 
0.003502 
0.003395 
0.003744 
0.003524 
0.003408 
0.003299 
0.003802 
0.003446 
0.003272 
0.003176 
0.003479 
0.003335 
0.003193 
0.003034 
0.004035 
0.003604 
0.003560 
0.003196 
0.003462 
0.003789 
0.003586 
0.003287 
0.003160 
0.003915 
0.003386 
0.003162 
0.003209 
0.003583 
0.003526 
0.003342 
0.003173 
0.003484 
0.003573 
0.003421 
0.003363 
0.003509 
0.003649 
0.003307 

Tempo total 2 thrd 100*100:
0.003103 
0.003027 
0.002683 
0.003158 
0.004071 
0.003780 
0.003900 
0.003308 
0.003106 
0.002861 
0.003610 
0.003232 
0.003743 
0.003448 
0.003042 
0.003166 
0.003900 
0.003496 
0.003440 
0.005004 
0.005823 
0.004894 
0.005082 
0.004492 
0.002997 
0.004343 
0.003299 
0.003987 
0.003046 
0.002913 
0.003656 
0.003536 
0.002968 
0.002811 
0.002801 
0.003549 
0.003524 
0.002937 
0.003154 
0.002948 
0.003342 
0.003018 
0.003203 
0.003326 
0.003281 
0.003031 
0.003280 
0.002856 
0.003182 
0.002954 
0.002886 
0.003023 
0.003130 
0.003027 
0.003015 
0.002968 
0.003328 
0.002904 
0.003499 
0.002674 
0.002819 
0.003019 
0.003076 
0.002901 
0.003004 
0.002859 
0.002772 
0.002930 
0.003146 
0.003228 
0.003092 
0.003064 
0.003204 
0.002975 
0.003093 
0.002918 
0.002989 
0.003280 
0.003120 
0.002886 
0.003266 
0.002929 
0.003183 
0.003185 
0.002921 
0.002757 
0.002987 
0.002820 
0.003204 
0.003036 
0.003327 
0.002898 
0.002773 
0.003322 
0.003124 
0.003300 
0.002775 
0.003130 
0.003096 
0.003005 

Tempo total 4 thrd 100*100:
0.003140 
0.002933 
0.003776 
0.003486 
0.003673 
0.003251 
0.002788 
0.003165 
0.003806 
0.003245 
0.002875 
0.003092 
0.003013 
0.003182 
0.002916 
0.002944 
0.003754 
0.003796 
0.003148 
0.002882 
0.003090 
0.003702 
0.003245 
0.003188 
0.003585 
0.003067 
0.003148 
0.003087 
0.003219 
0.002780 
0.003080 
0.002922 
0.002982 
0.002878 
0.003060 
0.003072 
0.003075 
0.002907 
0.003062 
0.002770 
0.003108 
0.003013 
0.003057 
0.002993 
0.002905 
0.003069 
0.003053 
0.003014 
0.003086 
0.003277 
0.002928 
0.003808 
0.005750 
0.004314 
0.004922 
0.004173 
0.004846 
0.002885 
0.003701 
0.003806 
0.003010 
0.003044 
0.002936 
0.002894 
0.003140 
0.002800 
0.002838 
0.002869 
0.002913 
0.002974 
0.003045 
0.003024 
0.003080 
0.002919 
0.003719 
0.002800 
0.002848 
0.002945 
0.003457 
0.002846 
0.002866 
0.002725 
0.002834 
0.003315 
0.003100 
0.002801 
0.003623 
0.003561 
0.003106 
0.003007 
0.003020 
0.003384 
0.003455 
0.002821 
0.003024 
0.002722 
0.004640 
0.002797 
0.003786 
0.002886 

Tempo total 1 thrd 1000*1000:
0.645082 
0.650236 
0.644465 
0.645956 
0.654899 
0.693710 
0.657798 
0.649338 
0.649433 
0.660587 
0.645163 
0.649910 
0.644584 
0.645366 
0.646395 
0.647824 
0.644572 
0.646148 
0.645689 
0.645049 
0.650501 
0.645952 
0.648054 
0.651666 
0.668472 
0.649626 
0.649657 
0.671964 
0.648244 
0.646169 
0.656384 
0.647010 
0.651745 
0.645596 
0.647786 
0.646694 
0.646685 
0.648548 
0.657108 
0.646564 
0.647731 
0.647026 
0.647372 
0.648249 
0.646590 
0.658241 
0.649566 
0.676537 
0.658655 
0.649569 
0.648735 
0.644324 
0.702186 
0.649415 
0.647114 
0.648215 
0.646232 
0.648558 
0.645167 
0.647098 
0.647223 
0.649487 
0.645792 
0.648546 
0.644609 
0.646297 
0.648188 
0.650641 
0.646126 
0.663450 
0.652781 
0.644330 
0.653878 
0.647202 
0.647954 
0.652506 
0.644970 
0.646377 
0.646150 
0.645693 
0.653834 
0.646660 
0.647257 
0.644645 
0.647611 
0.667995 
0.643630 
0.647072 
0.646316 
0.644503 
0.652403 
0.651846 
0.674573 
0.644462 
0.645435 
0.645579 
0.646208 
0.645491 
0.651134 
0.645591 

Tempo total 2 thrd 1000*1000:
0.371221 
0.377439 
0.357610 
0.363545 
0.375467 
0.367117 
0.368071 
0.377034 
0.364122 
0.392510 
0.389635 
0.360107 
0.356828 
0.367681 
0.361542 
0.356165 
0.360365 
0.370919 
0.360877 
0.375923 
0.386674 
0.374087 
0.357060 
0.358199 
0.364025 
0.355772 
0.355838 
0.375922 
0.369955 
0.360162 
0.357970 
0.360308 
0.370383 
0.377474 
0.361008 
0.357075 
0.358042 
0.358125 
0.357502 
0.358132 
0.360015 
0.362242 
0.377835 
0.400742 
0.356755 
0.356358 
0.359652 
0.358243 
0.357486 
0.384167 
0.366508 
0.360562 
0.359500 
0.358316 
0.359554 
0.357772 
0.357869 
0.375118 
0.359066 
0.379788 
0.358194 
0.381360 
0.375275 
0.356649 
0.356161 
0.357516 
0.360672 
0.359606 
0.356935 
0.355009 
0.354743 
0.360316 
0.362671 
0.367797 
0.368248 
0.357330 
0.359629 
0.377266 
0.359532 
0.358724 
0.359049 
0.356676 
0.358051 
0.358517 
0.358493 
0.372916 
0.357312 
0.379837 
0.356275 
0.376767 
0.357833 
0.356887 
0.359574 
0.359096 
0.408024 
0.360155 
0.357476 
0.359188 
0.355557 
0.357737 

Tempo total 4 thrd 1000*1000:
0.254156 
0.243830 
0.246664 
0.246028 
0.247960 
0.268515 
0.251118 
0.284457 
0.263906 
0.290265 
0.267427 
0.272359 
0.249693 
0.268460 
0.247281 
0.258792 
0.248398 
0.258257 
0.257692 
0.243454 
0.245442 
0.246637 
0.245842 
0.246679 
0.248592 
0.245990 
0.246795 
0.249552 
0.247279 
0.250277 
0.262442 
0.258278 
0.257585 
0.268618 
0.257167 
0.253766 
0.251199 
0.246013 
0.259952 
0.254195 
0.252992 
0.247637 
0.248103 
0.248495 
0.246835 
0.250158 
0.263709 
0.248665 
0.250971 
0.247856 
0.249099 
0.242978 
0.287204 
0.259207 
0.243664 
0.246857 
0.246104 
0.248190 
0.258432 
0.247336 
0.249179 
0.244740 
0.249634 
0.289102 
0.264046 
0.248603 
0.248143 
0.249490 
0.248940 
0.251205 
0.275294 
0.249679 
0.246193 
0.249788 
0.246698 
0.268037 
0.246275 
0.257531 
0.251928 
0.245789 
0.248572 
0.246851 
0.250765 
0.250338 
0.246874 
0.247926 
0.263305 
0.248444 
0.253367 
0.248468 
0.249828 
0.246073 
0.261509 
0.246284 
0.248013 
0.295137 
0.248627 
0.258156 
0.246974 
0.248095 

Tempo total 4 thrd 1000*1000 (sem a flag de otimização O2):
0.540340 
0.546603 
0.531829 
0.556615 
0.530839 
0.553648 
0.545570 
0.532354 
0.533159 
0.537137 
0.555163 
0.552026 
0.541822 
0.543964 
0.602070 
0.562963 
0.543562 
0.545817 
0.538758 
0.544911 
0.549133 
0.546658 
0.561178 
0.536303 
0.541375 
0.540845 
0.562111 
0.545209 
0.538063 
0.551224 
0.539842 
0.543295 
0.563377 
0.542853 
0.541089 
0.545010 
0.554901 
0.539124 
0.584766 
0.561705 
0.576002 
0.565832 
0.538315 
0.540542 
0.553403 
0.566074 
0.546828 
0.545398 
0.550618 
0.550015 
0.559283 
0.538863 
0.541527 
0.542557 
0.549257 
0.553787 
0.553156 
0.544310 
0.549213 
0.576704 
0.561993 
0.546381 
0.552576 
0.541165 
0.541431 
0.552846 
0.542150 
0.545359 
0.541996 
0.541016 
0.541281 
0.540121 
0.546077 
0.546843 
0.553339 
0.547918 
0.558658 
0.540418 
0.542380 
0.539944 
0.568428 
0.607383 
0.542294 
0.575509 
0.541663 
0.549091 
0.539828 
0.539173 
0.581529 
0.553106 
0.547054 
0.570429 
0.553789 
0.543210 
0.559959 
0.544096 
0.542303 
0.571818 
0.544041 
0.539074 

Tempo total 1 thrd 1000*1000 (sem a flag de otimização O2):
1.791924 
1.751544 
1.755718 
1.755566 
1.759082 
1.752905 
1.758365 
1.760078 
1.792390 
1.765315 
1.751031 
1.785255 
1.756010 
1.755868 
1.759689 
1.755076 
1.769318 
1.768597 
1.767044 
1.761561 
1.757914 
1.755022 
1.756162 
1.755885 
1.753490 
1.754439 
1.762891 
1.755315 
1.754219 
1.755875 
1.793742 
1.755609 
1.753437 
1.762264 
1.753297 
1.758329 
1.755707 
1.756202 
1.786450 
1.766185 
1.761928 
1.755097 
1.781614 
1.766981 
1.789428 
1.759789 
1.756542 
1.756443 
1.758522 
1.759011 
1.811341 
1.754573 
1.760277 
1.756875 
1.758462 
1.753313 
1.754603 
1.756036 
1.755414 
1.755645 
1.756127 
1.753977 
1.756380 
1.757790 
1.757453 
1.756573 
1.794995 
1.761055 
1.786239 
1.756068 
1.763405 
1.756317 
1.764428 
1.784801 
1.755367 
1.760703 
1.759290 
1.755404 
1.758436 
1.758843 
1.752836 
1.751266 
1.769580 
1.787384 
1.759838 
1.793608 
1.757105 
1.756880 
1.760945 
1.764207 
1.762692 
1.781660 
1.753232 
1.755510 
1.754924 
1.753710 
1.757639 
1.755865 
1.763470 
1.760542 

Tempo total 4 thrd 1000*1000 (sem o uso de register):
0.246127 
0.248338 
0.244064 
0.245448 
0.261976 
0.243530 
0.245697 
0.251595 
0.243695 
0.280115 
0.261143 
0.251202 
0.244678 
0.245828 
0.245562 
0.246545 
0.266433 
0.262972 
0.251931 
0.246299 
0.257564 
0.269782 
0.242801 
0.251246 
0.248289 
0.249271 
0.247472 
0.246232 
0.242861 
0.252604 
0.246263 
0.246638 
0.245486 
0.264988 
0.245886 
0.274627 
0.261672 
0.243176 
0.289000 
0.250585 
0.247076 
0.248378 
0.246384 
0.253899 
0.245623 
0.256910 
0.264901 
0.246002 
0.243002 
0.244323 
0.246647 
0.246102 
0.247252 
0.249617 
0.244743 
0.246357 
0.243422 
0.247629 
0.267780 
0.258266 
0.256393 
0.265628 
0.256797 
0.246072 
0.243064 
0.248531 
0.253991 
0.245219 
0.249150 
0.245084 
0.247609 
0.244909 
0.244996 
0.244804 
0.268491 
0.296353 
0.244895 
0.267274 
0.250307 
0.258231 
0.267226 
0.271300 
0.250189 
0.249994 
0.244829 
0.246889 
0.248449 
0.248259 
0.245653 
0.249349 
0.249289 
0.244065 
0.251397 
0.244828 
0.245714 
0.243642 
0.248224 
0.247651 
0.245573 
0.246692 

Tempo total 1 thrd 1000*1000 (sem o uso de register):0.644435 
0.678344 
0.646321 
0.647706 
0.677486 
0.643964 
0.643627 
0.647619 
0.644791 
0.648012 
0.644245 
0.645849 
0.650256 
0.646100 
0.642770 
0.650853 
0.644846 
0.646446 
0.665618 
0.643719 
0.648692 
0.674184 
0.649927 
0.647617 
0.644360 
0.643554 
0.651095 
0.643913 
0.647193 
0.652193 
0.647106 
0.677543 
0.645202 
0.647125 
0.648265 
0.643822 
0.643082 
0.643340 
0.644956 
0.677690 
0.644860 
0.644589 
0.645741 
0.645285 
0.652152 
0.643940 
0.643137 
0.645473 
0.645078 
0.644389 
0.650705 
0.644441 
0.681978 
0.651788 
0.644249 
0.679498 
0.645955 
0.644536 
0.648527 
0.645064 
0.647486 
0.646685 
0.644028 
0.647014 
0.645296 
0.643156 
0.644497 
0.649129 
0.644115 
0.644231 
0.645869 
0.645131 
0.645343 
0.646998 
0.656270 
0.652884 
0.647064 
0.645518 
0.646239 
0.648741 
0.645823 
0.679420 
0.648541 
0.647536 
0.643938 
0.645545 
0.681847 
0.646872 
0.648397 
0.647009 
0.645137 
0.644603 
0.645291 
0.645061 
0.643736 
0.677802 
0.645189 
0.646921 
0.646515 
0.653479 
