Tempo multiplicação 1 thrd 100*100:
0.000620 
0.000590 
0.000516 
0.000514 
0.000515 
0.000516 
0.000524 
0.000526 
0.000537 
0.000552 
0.000525 
0.000525 
0.000613 
0.000520 
0.000520 
0.000517 
0.000516 
0.000581 
0.000520 
0.000519 
0.000517 
0.000563 
0.000519 
0.000518 
0.000519 
0.000580 
0.000519 
0.000517 
0.000526 
0.000529 
0.000519 
0.000520 
0.000518 
0.000519 
0.000521 
0.000519 
0.000520 
0.000540 
0.000520 
0.000516 
0.000522 
0.000522 
0.000521 
0.000520 
0.000555 
0.000530 
0.000567 
0.000530 
0.000529 
0.000526 
0.000518 
0.000520 
0.000521 
0.000538 
0.000519 
0.000520 
0.000535 
0.000525 
0.000521 
0.000521 
0.000522 
0.000525 
0.000524 
0.000524 
0.000521 
0.000526 
0.000522 
0.000521 
0.000520 
0.000527 
0.000524 
0.000522 
0.000520 
0.000524 
0.000523 
0.000534 
0.000535 
0.000542 
0.000526 
0.000524 
0.000546 
0.000527 
0.000525 
0.000527 
0.000525 
0.000526 
0.000528 
0.000524 
0.000526 
0.000566 
0.000527 
0.000526 
0.000634 
0.000630 
0.000604 
0.000530 
0.000530 
0.000529 
0.000530 
0.000527 

Tempo multiplicação 2 thrd 100*100:
0.000399 
0.000399 
0.000444 
0.000490 
0.000433 
0.000387 
0.000363 
0.000502 
0.000360 
0.000834 
0.000486 
0.000515 
0.000649 
0.000565 
0.000633 
0.000340 
0.000427 
0.000362 
0.000553 
0.000498 
0.000373 
0.000449 
0.000438 
0.000397 
0.000375 
0.000379 
0.000571 
0.000415 
0.000408 
0.000551 
0.000392 
0.000383 
0.000366 
0.000384 
0.000411 
0.000413 
0.000423 
0.000399 
0.000382 
0.000396 
0.000452 
0.000394 
0.000683 
0.000427 
0.000429 
0.000373 
0.000428 
0.000386 
0.000389 
0.000437 
0.000396 
0.000381 
0.000437 
0.000455 
0.000419 
0.000411 
0.000398 
0.000529 
0.000370 
0.000381 
0.000390 
0.000399 
0.000373 
0.000404 
0.000457 
0.000395 
0.000401 
0.000542 
0.000389 
0.000394 
0.000380 
0.000393 
0.000345 
0.000430 
0.000371 
0.000363 
0.000538 
0.000352 
0.000381 
0.000462 
0.000404 
0.000435 
0.000573 
0.000390 
0.000493 
0.000400 
0.000424 
0.000394 
0.000418 
0.000355 
0.000363 
0.000361 
0.000376 
0.000529 
0.000368 
0.000351 
0.000398 
0.000406 
0.000446 
0.000352 

Tempo multiplicação 4 thrd 100*100:
0.000232 
0.000230 
0.000262 
0.000543 
0.000357 
0.000334 
0.000261 
0.000278 
0.000306 
0.000241 
0.000297 
0.000268 
0.000258 
0.000241 
0.000268 
0.000249 
0.000298 
0.000262 
0.000254 
0.000239 
0.000296 
0.000276 
0.000254 
0.000261 
0.000245 
0.000258 
0.000249 
0.000257 
0.000267 
0.000306 
0.000307 
0.000283 
0.000334 
0.000377 
0.000381 
0.000303 
0.000270 
0.000236 
0.000239 
0.000293 
0.000319 
0.000282 
0.000280 
0.000276 
0.000237 
0.000237 
0.000270 
0.000301 
0.000291 
0.000259 
0.000237 
0.000361 
0.000319 
0.000244 
0.000253 
0.000254 
0.000316 
0.000258 
0.000231 
0.000257 
0.000263 
0.000288 
0.000254 
0.000266 
0.000269 
0.000237 
0.000250 
0.000269 
0.000261 
0.000233 
0.000251 
0.000285 
0.000312 
0.000229 
0.000256 
0.000240 
0.000321 
0.000246 
0.000286 
0.000252 
0.000249 
0.000246 
0.000263 
0.000261 
0.000255 
0.000227 
0.000230 
0.000250 
0.000319 
0.000262 
0.000229 
0.000240 
0.000284 
0.000279 
0.000242 
0.000234 
0.000285 
0.000270 
0.000239 
0.000236 

Tempo multiplicação 1 thrd 1000*1000:
0.459445 
0.459457 
0.459452 
0.459909 
0.460810 
0.459468 
0.461049 
0.465285 
0.466448 
0.463023 
0.465062 
0.461937 
0.459536 
0.462041 
0.460705 
0.460148 
0.460602 
0.460593 
0.460006 
0.473354 
0.459771 
0.459609 
0.459617 
0.461050 
0.459961 
0.460749 
0.459872 
0.461021 
0.459955 
0.461828 
0.462035 
0.465206 
0.460864 
0.462809 
0.459480 
0.474961 
0.469701 
0.459699 
0.460619 
0.461552 
0.460261 
0.461207 
0.459328 
0.476487 
0.459704 
0.459460 
0.459226 
0.459849 
0.475032 
0.459628 
0.459675 
0.459675 
0.466616 
0.460557 
0.461509 
0.460025 
0.460240 
0.459589 
0.460539 
0.460978 
0.460203 
0.462206 
0.459986 
0.461680 
0.459645 
0.461369 
0.461066 
0.459561 
0.469674 
0.459652 
0.459953 
0.460208 
0.460186 
0.459207 
0.459335 
0.460612 
0.459908 
0.463748 
0.459254 
0.459098 
0.460735 
0.459541 
0.461806 
0.464015 
0.460267 
0.463704 
0.469808 
0.459669 
0.460018 
0.459622 
0.459913 
0.459833 
0.462494 
0.462332 
0.459970 
0.463605 
0.459568 
0.460454 
0.460754 
0.460818 

Tempo multiplicação 2 thrd 1000*1000:
0.231532 
0.232662 
0.252199 
0.234070 
0.231976 
0.232441 
0.232255 
0.233420 
0.232705 
0.232389 
0.232766 
0.232782 
0.233078 
0.232375 
0.233098 
0.232324 
0.234333 
0.232400 
0.232187 
0.232393 
0.233498 
0.232552 
0.232206 
0.233645 
0.231840 
0.233409 
0.233234 
0.232110 
0.232818 
0.232271 
0.254615 
0.233076 
0.233469 
0.232328 
0.232323 
0.232075 
0.232088 
0.232604 
0.232054 
0.232194 
0.232062 
0.231817 
0.231967 
0.232960 
0.240809 
0.232134 
0.231977 
0.240039 
0.231980 
0.231774 
0.233902 
0.231752 
0.231901 
0.232272 
0.232245 
0.232434 
0.232566 
0.232312 
0.241712 
0.232172 
0.232393 
0.232116 
0.232451 
0.234771 
0.235004 
0.231967 
0.232865 
0.235920 
0.232321 
0.231766 
0.234135 
0.232549 
0.232181 
0.232561 
0.233559 
0.232334 
0.234295 
0.232658 
0.234003 
0.232286 
0.235605 
0.238770 
0.233967 
0.253965 
0.235400 
0.233238 
0.235196 
0.232789 
0.232221 
0.232723 
0.233177 
0.234327 
0.233565 
0.232837 
0.233778 
0.232207 
0.232087 
0.233271 
0.232763 
0.232782 

Tempo multiplicação 4 thrd 1000*1000:
0.119278 
0.120057 
0.118512 
0.117806 
0.118269 
0.117805 
0.117538 
0.119482 
0.118273 
0.119930 
0.117913 
0.118981 
0.123042 
0.119032 
0.120488 
0.118517 
0.122162 
0.118767 
0.120257 
0.118321 
0.122428 
0.118896 
0.117827 
0.118497 
0.121087 
0.118809 
0.118890 
0.118295 
0.118254 
0.118765 
0.118474 
0.118612 
0.119046 
0.118108 
0.117909 
0.119859 
0.118224 
0.118631 
0.119405 
0.119862 
0.120061 
0.119625 
0.118379 
0.119555 
0.120627 
0.119748 
0.118821 
0.118636 
0.118287 
0.118703 
0.121838 
0.118876 
0.117835 
0.118284 
0.118084 
0.119383 
0.117913 
0.126583 
0.120749 
0.133070 
0.124735 
0.117890 
0.118212 
0.120908 
0.118309 
0.122445 
0.118818 
0.124273 
0.121747 
0.118032 
0.120774 
0.120398 
0.118286 
0.123236 
0.117695 
0.119945 
0.118587 
0.117690 
0.119881 
0.122689 
0.119684 
0.122446 
0.124397 
0.118375 
0.123424 
0.121885 
0.118308 
0.122675 
0.121351 
0.119438 
0.118696 
0.122122 
0.125716 
0.119568 
0.118608 
0.118769 
0.117805 
0.119807 
0.123015 
0.123839 
