Tempo Total 1thrd 100*100: 
0.005389 
0.005893 
0.004028 
0.004518 
0.006310 
0.004538 
0.004790 
0.004827 
0.004061 
0.004224 
0.005316 
0.004587 
0.004267 
0.005668 
0.004146 
0.004217 
0.005380 
0.004114 
0.004049 
0.004881 
0.004364 
0.004422 
0.005197 
0.004379 
0.003969 
0.004349 
0.004348 
0.004076 
0.004109 
0.004658 
0.004182 
0.004063 
0.004608 
0.005188 
0.004379 
0.004877 
0.005146 
0.004079 
0.005063 
0.004117 
0.003991 
0.005739 
0.004365 
0.004071 
0.004916 
0.005381 
0.007159 
0.005213 
0.004148 
0.004076 
0.004790 
0.004367 
0.004933 
0.005318 
0.004072 
0.004231 
0.006436 
0.004340 
0.004088 
0.004993 
0.004795 
0.004007 
0.005121 
0.004082 
0.004046 
0.004890 
0.004471 
0.004714 
0.005064 
0.004625 
0.004363 
0.004857 
0.004091 
0.004863 
0.004722 
0.004208 
0.004210 
0.004496 
0.004426 
0.004111 
0.004146 
0.004276 
0.005011 
0.004953 
0.004654 
0.004173 
0.005118 
0.004723 
0.004108 
0.004486 
0.004549 
0.004284 
0.004084 
0.004870 
0.004172 
0.004085 
0.004828 
0.004732 
0.004243 
0.004878 

Tempo Total 2thrd 100*100: 
0.006618 
0.004842 
0.006110 
0.003765 
0.004257 
0.005179 
0.004292 
0.004382 
0.004475 
0.004700 
0.003529 
0.003735 
0.005722 
0.003990 
0.003914 
0.005520 
0.003665 
0.003806 
0.004687 
0.004069 
0.003624 
0.005052 
0.003557 
0.004588 
0.004138 
0.004199 
0.003806 
0.004217 
0.004902 
0.003558 
0.005525 
0.004123 
0.003904 
0.003536 
0.005857 
0.003653 
0.003728 
0.005309 
0.003827 
0.004374 
0.004909 
0.005191 
0.004976 
0.006582 
0.004572 
0.004824 
0.004935 
0.004314 
0.003597 
0.004808 
0.004354 
0.003648 
0.005223 
0.004543 
0.005224 
0.006002 
0.005166 
0.003622 
0.004761 
0.003702 
0.004034 
0.004556 
0.004441 
0.003827 
0.003711 
0.004871 
0.003568 
0.004575 
0.005518 
0.003717 
0.005015 
0.004943 
0.004449 
0.004329 
0.005781 
0.004274 
0.003677 
0.005363 
0.003860 
0.004410 
0.003917 
0.005606 
0.004286 
0.005000 
0.005239 
0.003716 
0.004682 
0.005170 
0.005107 
0.003753 
0.004175 
0.004770 
0.003731 
0.005674 
0.004083 
0.004797 
0.003946 
0.003619 
0.004141 
0.005650 


Tempo Total 4 thrd 100*100:
0.004600 
0.004182 
0.004982 
0.003782 
0.004977 
0.004952 
0.003802 
0.004588 
0.006057 
0.004766 
0.004345 
0.005711 
0.003875 
0.004456 
0.005209 
0.003637 
0.003882 
0.006219 
0.003793 
0.003969 
0.006018 
0.004414 
0.004832 
0.005148 
0.004595 
0.004419 
0.005675 
0.004480 
0.004629 
0.005675 
0.004929 
0.004998 
0.005531 
0.004208 
0.003786 
0.005726 
0.004609 
0.004782 
0.005952 
0.004988 
0.005339 
0.005765 
0.003967 
0.006074 
0.004206 
0.004477 
0.006666 
0.004396 
0.007189 
0.005461 
0.004524 
0.006192 
0.003892 
0.004875 
0.006856 
0.004073 
0.005004 
0.007214 
0.005156 
0.007175 
0.004460 
0.004188 
0.007109 
0.003908 
0.003991 
0.006485 
0.003917 
0.003492 
0.005362 
0.004295 
0.004392 
0.004968 
0.004485 
0.003679 
0.006204 
0.004266 
0.004468 
0.005278 
0.005031 
0.003625 
0.004967 
0.004753 
0.003459 
0.004533 
0.004640 
0.005119 
0.005631 
0.004635 
0.004652 
0.006032 
0.005300 
0.006208 
0.004945 
0.004571 
0.006184 
0.006067 
0.006167 
0.005941 
0.003741 
0.003816 

Tempo Total 1thrd 1000*1000:
0.869182 
0.862059 
0.847006 
0.852648 
0.843463 
0.848960 
0.851218 
0.858094 
0.856586 
0.848543 
0.849282 
0.850721 
0.850253 
0.859527 
0.848671 
0.846005 
0.854397 
0.851985 
0.856046 
0.849648 
0.842145 
0.851150 
0.846548 
0.854744 
0.852017 
0.854867 
0.859448 
0.883073 
0.849008 
0.856741 
0.891905 
0.848575 
0.847833 
0.852326 
0.845573 
0.857894 
0.864302 
0.849235 
0.849673 
0.844130 
0.846748 
0.853107 
0.858118 
0.857002 
0.853737 
0.858268 
0.857896 
0.857343 
0.877164 
0.857819 
0.853168 
0.866145 
0.856052 
0.866790 
0.865168 
0.852194 
0.853767 
0.884354 
0.857089 
0.856986 
0.850318 
0.873401 
0.866096 
0.847663 
0.894117 
0.894153 
0.870090 
0.868627 
0.867521 
0.860964 
0.976760 
0.897566 
0.884461 
0.863131 
0.872111 
0.876481 
0.874599 
0.877945 
0.872870 
0.876727 
0.914451 
0.878209 
0.879284 
0.905929 
0.902771 
0.869730 
0.879909 
0.874206 
0.876830 
0.876050 
0.875499 
0.885789 
0.890232 
0.888427 
0.872949 
0.889244 
0.911225 
0.919019 
0.898768 
0.882358

Tempo Total 2thrd 1000*1000:
0.577113 
0.496325 
0.485070 
0.509539 
0.537001 
0.580446 
0.511018 
0.560516 
0.506508 
0.508461 
0.525077 
0.502742 
0.511571 
0.510068 
0.682625 
0.551391 
0.491021 
0.494974 
0.516566 
0.577198 
0.518651 
0.597243 
0.490672 
0.579445 
0.572130 
0.494689 
0.519530 
0.564327 
0.505768 
0.563477 
0.494066 
0.503048 
0.568988 
0.509076 
0.499924 
0.502041 
0.517154 
0.547017 
0.533965 
0.576640 
0.588486 
0.554170 
0.514933 
0.548050 
0.512562 
0.519422 
0.559812 
0.569529 
0.548770 
0.573881 
0.511073 
0.520211 
0.542657 
0.594858 
0.551000 
0.543418 
0.561278 
0.555819 
0.642998 
0.567790 
0.561997 
0.523980 
0.561642 
0.525625 
0.553668 
0.517392 
0.519346 
0.576140 
0.522110 
0.522132 
0.523518 
0.556847 
0.681240 
0.549505 
0.554016 
0.615093 
0.516958 
0.544849 
0.529013 
0.539080 
0.521750 
0.533562 
0.534040 
0.516515 
0.565878 
0.704456 
0.531512 
0.574323 
0.534455 
0.532579 
0.652134 
0.583535 
0.651707 
0.525748 
0.570416 
0.533935 
0.537598 
0.530987 
0.573589 
0.602157


Tempo Total 4thrd 1000*1000: 
0.430707 
0.427284 
0.418635 
0.434015 
0.472989 
0.411573 
0.423510 
0.418652 
0.423187 
0.419257 
0.423745 
0.437473 
0.448153 
0.415082 
0.454250 
0.430338 
0.411156 
0.461757 
0.400304 
0.451912 
0.457027 
0.493071 
0.447338 
0.449324 
0.474812 
0.447670 
0.435392 
0.450931 
0.438655 
0.431501 
0.418724 
0.443822 
0.446173 
0.497949 
0.495928 
0.451606 
0.433317 
0.485112 
0.501907 
0.451929 
0.450324 
0.425103 
0.448072 
0.477504 
0.455267 
0.473240 
0.458491 
0.429363 
0.499915 
0.462347 
0.466470 
0.401939 
0.441418 
0.511224 
0.439349 
0.432676 
0.491671 
0.510078 
0.446136 
0.450615 
0.415808 
0.461807 
0.474200 
0.461464 
0.440664 
0.464164 
0.491281 
0.505906 
0.433781 
0.476434 
0.490612 
0.445250 
0.442350 
0.536972 
0.442362 
0.520594 
0.457246 
0.518174 
0.440188 
0.485106 
0.466378 
0.514808 
0.448551 
0.491535 
0.493150 
0.458241 
0.480421 
0.473092 
0.556833 
0.480229 
0.439937 
0.521962 
0.493875 
0.477101 
0.457048 
0.489394 
0.499074 
0.487703 
0.480357 
0.496683 
