Tempo soma 1thrd 1000*1000:
0.003914 
0.002603 
0.002923 
0.002906 
0.002910 
0.002695 
0.003615 
0.002673 
0.006742 
0.003117 
0.003120 
0.002985 
0.003039 
0.002734 
0.003233 
0.002759 
0.003095 
0.003022 
0.003049 
0.002916 
0.002937 
0.002841 
0.002785 
0.002832 
0.002649 
0.002999 
0.002674 
0.002769 
0.002884 
0.002855 
0.003149 
0.002917 
0.002880 
0.002633 
0.002920 
0.002864 
0.002879 
0.002952 
0.003052 
0.002799 
0.003062 
0.002650 
0.002847 
0.003026 
0.003243 
0.002936 
0.002916 
0.002907 
0.003014 
0.002918 
0.002912 
0.002906 
0.002929 
0.002782 
0.002435 
0.003042 
0.003139 
0.002761 
0.003170 
0.003217 
0.002750 
0.002809 
0.003327 
0.002906 
0.003679 
0.002950 
0.002446 
0.002755 
0.002919 
0.002937 
0.002669 
0.002882 
0.003286 
0.002720 
0.003038 
0.002872 
0.002665 
0.002377 
0.002868 
0.003329 
0.002813 
0.002590 
0.002905 
0.002898 
0.003142 
0.003357 
0.003923 
0.002916 
0.003049 
0.003036 
0.002694 
0.002846 
0.002819 
0.002745 
0.002761 
0.002822 
0.002693 
0.003137 
0.002707 
0.002823

Tempo soma 2thrd 1000*1000: 
0.003500 
0.003393 
0.002571 
0.004120 
0.003384 
0.003768 
0.003326 
0.004149 
0.002607 
0.003318 
0.003395 
0.004230 
0.003329 
0.003438 
0.003170 
0.003403 
0.003621 
0.002619 
0.004327 
0.003735 
0.004134 
0.006331 
0.004394 
0.003974 
0.003243 
0.003865 
0.003586 
0.003598 
0.003369 
0.003597 
0.003594 
0.003534 
0.003836 
0.003839 
0.003584 
0.003524 
0.003992 
0.003478 
0.004579 
0.004968 
0.003518 
0.003615 
0.003456 
0.003602 
0.003269 
0.003137 
0.003441 
0.003542 
0.003099 
0.003352 
0.003413 
0.003386 
0.003338 
0.003374 
0.003485 
0.003266 
0.003477 
0.004049 
0.003720 
0.003318 
0.003143 
0.003498 
0.003395 
0.003426 
0.004060 
0.003688 
0.003943 
0.003524 
0.004306 
0.003519 
0.003326 
0.003598 
0.003647 
0.003977 
0.003310 
0.004257 
0.003531 
0.003350 
0.005233 
0.003744 
0.003754 
0.003549 
0.003582 
0.003792 
0.004011 
0.003546 
0.003621 
0.003443 
0.003618 
0.002768 
0.003368 
0.003474 
0.003186 
0.003632 
0.005151 
0.003242 
0.003827 
0.003402 
0.003299 
0.004005

Tempo soma 4thrd 1000*1000:
0.004381 
0.005299 
0.004321 
0.004996 
0.003727 
0.004574 
0.005167 
0.005195 
0.003610 
0.005260 
0.004642 
0.003963 
0.004622 
0.004049 
0.003711 
0.004482 
0.003594 
0.004443 
0.005138 
0.005568 
0.004467 
0.004803 
0.004574 
0.004882 
0.004001 
0.004189 
0.004565 
0.004979 
0.005434 
0.005055 
0.004169 
0.004419 
0.004514 
0.004359 
0.005340 
0.005763 
0.005468 
0.004271 
0.005056 
0.004579 
0.004043 
0.005001 
0.004394 
0.004950 
0.005646 
0.005237 
0.003905 
0.004240 
0.004433 
0.005349 
0.005327 
0.004505 
0.004922 
0.004411 
0.003982 
0.005131 
0.005416 
0.005717 
0.005255 
0.005037 
0.004551 
0.005254 
0.005080 
0.004973 
0.005320 
0.004248 
0.005186 
0.004617 
0.004219 
0.005252 
0.004469 
0.005342 
0.004556 
0.004881 
0.005011 
0.005319 
0.004606 
0.004803 
0.005642 
0.004137 
0.004304 
0.005849 
0.004447 
0.004491 
0.005162 
0.005105 
0.004535 
0.004741 
0.004799 
0.004415 
0.004493 
0.005523 
0.005329 
0.004831 
0.005632 
0.004926 
0.005570 
0.004845 
0.005036 
0.005436 

Tempo soma 1thrd 100*100:
0.000046 
0.000039 
0.000033 
0.000028 
0.000046 
0.000024 
0.000022 
0.000328 
0.000022 
0.000022 
0.000146 
0.000023 
0.000022 
0.000034 
0.000023 
0.000024 
0.000056 
0.000023 
0.000023 
0.000021 
0.000048 
0.000021 
0.000022 
0.000023 
0.000022 
0.000020 
0.000037 
0.000020 
0.000022 
0.000025 
0.000020 
0.000019 
0.000021 
0.000022 
0.000020 
0.000021 
0.000095 
0.000020 
0.000021 
0.000027 
0.000022 
0.000019 
0.000020 
0.000044 
0.000020 
0.000020 
0.000022 
0.000019 
0.000021 
0.000024 
0.000023 
0.000027 
0.000027 
0.000022 
0.000020 
0.000021 
0.000023 
0.000041 
0.000035 
0.000023 
0.000020 
0.000020 
0.000036 
0.000022 
0.000020 
0.000028 
0.000021 
0.000041 
0.000028 
0.000023 
0.000023 
0.000022 
0.000028 
0.000021 
0.000020 
0.000023 
0.000020 
0.000020 
0.000221 
0.000021 
0.000019 
0.000030 
0.000021 
0.000020 
0.000020 
0.000024 
0.000022 
0.000020 
0.000024 
0.000020 
0.000020 
0.000059 
0.000023 
0.000020 
0.000928 
0.000021 
0.000020 
0.000028 
0.000022 
0.000021

Tempo soma 2thrd 100*100: 
0.000625 
0.000346 
0.000345 
0.000342 
0.000245 
0.000213 
0.000183 
0.000195 
0.000241 
0.000205 
0.000223 
0.000178 
0.000635 
0.000177 
0.000287 
0.000275 
0.000173 
0.000207 
0.000233 
0.000224 
0.000202 
0.000244 
0.001104 
0.000172 
0.000210 
0.000291 
0.000180 
0.000172 
0.000173 
0.000288 
0.000201 
0.000214 
0.000233 
0.000227 
0.000207 
0.000232 
0.000203 
0.000215 
0.000255 
0.000493 
0.000199 
0.000198 
0.000821 
0.000208 
0.000234 
0.000286 
0.000193 
0.000340 
0.000213 
0.000241 
0.000217 
0.000188 
0.000241 
0.000202 
0.000213 
0.000174 
0.000222 
0.000192 
0.000175 
0.000823 
0.000180 
0.000150 
0.000218 
0.000232 
0.000291 
0.000222 
0.000288 
0.000278 
0.000260 
0.000373 
0.000173 
0.000150 
0.000170 
0.000256 
0.000243 
0.000201 
0.000523 
0.000215 
0.000215 
0.000290 
0.000219 
0.000174 
0.000209 
0.000411 
0.000219 
0.000204 
0.000218 
0.000234 
0.000245 
0.000233 
0.000293 
0.000171 
0.000153 
0.000143 
0.000481 
0.000166 
0.000161 
0.000213 
0.000472 
0.000230

 Tempo soma 4thrd 100*100: 
0.000302 
0.000211 
0.000326 
0.000287 
0.001385 
0.000240 
0.000180 
0.001035 
0.000235 
0.000308 
0.000236 
0.000292 
0.000232 
0.000407 
0.000524 
0.000353 
0.000360 
0.000387 
0.000290 
0.000180 
0.000275 
0.001365 
0.000212 
0.000344 
0.000245 
0.000618 
0.000398 
0.000554 
0.000184 
0.000407 
0.000465 
0.000534 
0.000217 
0.000290 
0.000226 
0.000402 
0.000196 
0.000573 
0.000238 
0.000229 
0.000170 
0.000405 
0.000822 
0.000438 
0.000400 
0.000469 
0.000443 
0.000537 
0.000349 
0.000544 
0.000338 
0.000459 
0.000500 
0.000284 
0.000314 
0.000446 
0.000217 
0.000248 
0.001762 
0.000478 
0.000199 
0.000462 
0.000295 
0.000267 
0.000435 
0.001033 
0.000369 
0.000228 
0.000400 
0.000389 
0.000369 
0.000340 
0.000272 
0.000353 
0.000344 
0.001857 
0.000432 
0.000531 
0.000869 
0.000285 
0.000428 
0.000522 
0.000267 
0.000527 
0.000289 
0.000335 
0.000326 
0.002955 
0.000310 
0.000592 
0.000444 
0.000372 
0.000373 
0.000167 
0.000490 
0.000346 
0.000367 
0.000816 
0.000442 
0.000583 
