Tempo redução 1thrd 1000*1000:

0.001053 
0.001152 
0.001738 
0.001028 
0.001020 
0.001244 
0.000947 
0.000995 
0.000966 
0.000991 
0.000946 
0.000965 
0.000939 
0.001001 
0.000928 
0.001082 
0.000982 
0.000913 
0.001077 
0.000969 
0.000928 
0.000932 
0.000957 
0.000928 
0.001017 
0.000991 
0.000949 
0.000931 
0.000946 
0.000966 
0.001244 
0.001223 
0.001107 
0.000951 
0.001640 
0.000958 
0.000954 
0.000930 
0.000945 
0.001063 
0.000920 
0.001030 
0.000953 
0.000932 
0.001089 
0.001230 
0.000975 
0.000991 
0.000985 
0.000975 
0.000941 
0.001209 
0.000991 
0.000929 
0.000982 
0.001379 
0.000938 
0.000895 
0.000976 
0.001043 
0.001070 
0.001167 
0.002543 
0.000952 
0.000955 
0.000982 
0.000947 
0.000950 
0.001082 
0.000953 
0.000940 
0.000946 
0.000965 
0.000940 
0.000961 
0.000964 
0.000995 
0.001092 
0.000973 
0.000941 
0.000911 
0.001020 
0.001008 
0.000961 
0.000983 
0.000935 
0.000942 
0.000732 
0.000938 
0.000942 
0.001002 
0.000795 
0.000964 
0.001067 
0.001094 
0.001008 
0.000923 
0.000700 
0.000945 
0.000959 
0.001051 
0.001014 
0.001015 
0.001107 

Tempo redução 2thrd 1000*1000:

0.062547 
0.064774 
0.063081 
0.062331 
0.062991 
0.064098 
0.071000 
0.063915 
0.062678 
0.062292 
0.062294 
0.064998 
0.069340 
0.063924 
0.067815 
0.064343 
0.063882 
0.064248 
0.070273 
0.064420 
0.063709 
0.064913 
0.065393 
0.068260 
0.063921 
0.068078 
0.064528 
0.064526 
0.062319 
0.071021 
0.068311 
0.063823 
0.066169 
0.090425 
0.066104 
0.075971 
0.068161 
0.080719 
0.064439 
0.068171 
0.071371 
0.062890 
0.068591 
0.068462 
0.064837 
0.068073 
0.066840 
0.071985 
0.063961 
0.073235 
0.064040 
0.065686 
0.065041 
0.064516 
0.071468 
0.067854 
0.069002 
0.063235 
0.073546 
0.064297 
0.066470 
0.065835 
0.065000 
0.064359 
0.068940 
0.074047 
0.083937 
0.080610 
0.070697 
0.072448 
0.064205 
0.065432 
0.065398 
0.065256 
0.065257 
0.075815 
0.065167 
0.070662 
0.074792 
0.068914 
0.067561 
0.075063 
0.070871 
0.065210 
0.067358 
0.072710 
0.072782 
0.064946 
0.081950 
0.073285 
0.063928 
0.081566 
0.064850 
0.065523 
0.064133 
0.069840 
0.074327 
0.064157 
0.066975 
0.065546

Tempo redução 4thrd 1000*1000:
 
0.063485 
0.063448 
0.063183 
0.067593 
0.064451 
0.062272 
0.063472 
0.064015 
0.062297 
0.063486 
0.065537 
0.065567 
0.067893 
0.062511 
0.063231 
0.062341 
0.063846 
0.066115 
0.063660 
0.064547 
0.064476 
0.066305 
0.064094 
0.064240 
0.065711 
0.064282 
0.065640 
0.062577 
0.068228 
0.067712 
0.066650 
0.063989 
0.066318 
0.064594 
0.064900 
0.065150 
0.071816 
0.063288 
0.065396 
0.069387 
0.071977 
0.074530 
0.076973 
0.073032 
0.079343 
0.064745 
0.064642 
0.077165 
0.065022 
0.074164 
0.072578 
0.066115 
0.065754 
0.071788 
0.072351 
0.068016 
0.071559 
0.071901 
0.072205 
0.064552 
0.064602 
0.072639 
0.064514 
0.069075 
0.067681 
0.068853 
0.066665 
0.070496 
0.069794 
0.070676 
0.066297 
0.073133 
0.067963 
0.069302 
0.091576 
0.073005 
0.073938 
0.074800 
0.073973 
0.070435 
0.065096 
0.070462 
0.075508 
0.065247 
0.065137 
0.072932 
0.066161 
0.070848 
0.067291 
0.072389 
0.068622 
0.069727 
0.074685 
0.071442 
0.080070 
0.064811 
0.075361 
0.073928 
0.070500 
0.068780

Tempo redução 1thrd 100*100:
 
0.000006 
0.000005 
0.000005 
0.000005 
0.000004 
0.000026 
0.000005 
0.000004 
0.000010 
0.000004 
0.000005 
0.000006 
0.000005 
0.000004 
0.000004 
0.000006 
0.000004 
0.000004 
0.000038 
0.000004 
0.000005 
0.000015 
0.000005 
0.000005 
0.000006 
0.000005 
0.000004 
0.000004 
0.000009 
0.000004 
0.000004 
0.000006 
0.000005 
0.000005 
0.000004 
0.000007 
0.000004 
0.000004 
0.000023 
0.000004 
0.000005 
0.000009 
0.000004 
0.000005 
0.000004 
0.000005 
0.000004 
0.000004 
0.000029 
0.000004 
0.000004 
0.000006 
0.000005 
0.000004 
0.000004 
0.000005 
0.000004 
0.000004 
0.000048 
0.000004 
0.000004 
0.000009 
0.000004 
0.000004 
0.000005 
0.000005 
0.000004 
0.000004 
0.000065 
0.000005 
0.000004 
0.000116 
0.000004 
0.000004 
0.000006 
0.000005 
0.000005 
0.000004 
0.000005 
0.000004 
0.000004 
0.000036 
0.000005 
0.000005 
0.000021 
0.000004 
0.000005 
0.000005 
0.000005 
0.000005 
0.000004 
0.000008 
0.000004 
0.000005 
0.000056 
0.000004 
0.000005 
0.000006 
0.000004 
0.000004

Tempo redução 2thrd 100*100:
 
0.001059 
0.000938 
0.000933 
0.001016 
0.001319 
0.000999 
0.001052 
0.001494 
0.000962 
0.001060 
0.001766 
0.001032 
0.000942 
0.000928 
0.000961 
0.000975 
0.000951 
0.001542 
0.001034 
0.001399 
0.001366 
0.001467 
0.001432 
0.001454 
0.000947 
0.001434 
0.001291 
0.000965 
0.000922 
0.000925 
0.000932 
0.001611 
0.000909 
0.000939 
0.000905 
0.001351 
0.000936 
0.000947 
0.001228 
0.001476 
0.000907 
0.001122 
0.001521 
0.000974 
0.001293 
0.000993 
0.000949 
0.000956 
0.001105 
0.001168 
0.001207 
0.001031 
0.001339 
0.001010 
0.001053 
0.001002 
0.001192 
0.001007 
0.000980 
0.002037 
0.001052 
0.000996 
0.000935 
0.001539 
0.001075 
0.001021 
0.002107 
0.000960 
0.000962 
0.001054 
0.001080 
0.001003 
0.001056 
0.001280 
0.001001 
0.001024 
0.001216 
0.000995 
0.001088 
0.001015 
0.001260 
0.000993 
0.001049 
0.001399 
0.000967 
0.001099 
0.001612 
0.001061 
0.001126 
0.001048 
0.001252 
0.000989 
0.001241 
0.001973 
0.000997 
0.000969 
0.001253 
0.001070 
0.000983 
0.001044

Tempo redução 4thrd 100*100:
 
0.001026 
0.001119 
0.001069 
0.001452 
0.001012 
0.000996 
0.001421 
0.001008 
0.001005 
0.001010 
0.001019 
0.001020 
0.000945 
0.002539 
0.001035 
0.001076 
0.001136 
0.001221 
0.001114 
0.001486 
0.001215 
0.001217 
0.001109 
0.001766 
0.001018 
0.001121 
0.002011 
0.000919 
0.001040 
0.001196 
0.001006 
0.001162 
0.001008 
0.001254 
0.001086 
0.001047 
0.001170 
0.000997 
0.001038 
0.001153 
0.001412 
0.001157 
0.001090 
0.001127 
0.001742 
0.001178 
0.000917 
0.001296 
0.001096 
0.001028 
0.001037 
0.001505 
0.001026 
0.001042 
0.001118 
0.001311 
0.001220 
0.000959 
0.001498 
0.001158 
0.001110 
0.002180 
0.001468 
0.001159 
0.002027 
0.001122 
0.001121 
0.001553 
0.001119 
0.001021 
0.001226 
0.001081 
0.000975 
0.000935 
0.001890 
0.001009 
0.000975 
0.001248 
0.001210 
0.000932 
0.001293 
0.001194 
0.001215 
0.001708 
0.001074 
0.001401 
0.001152 
0.001078 
0.001076 
0.001221 
0.002070 
0.001239 
0.001285 
0.002115 
0.001274 
0.001239 
0.001388 
0.001361 
0.001432 
0.001692 
