Tempo multiplicação 1thrd 100*100: 
0,001522 
0,002013 
0,001520 
0,001528 
0,001788 
0,001011 
0,000957 
0,000937 
0,000977 
0,000815 
0,000873 
0,000815 
0,000782 
0,000783 
0,000815 
0,000845 
0,000801 
0,000787 
0,000790 
0,000899 
0,000752 
0,000744 
0,000976 
0,000740 
0,000810 
0,000733 
0,000939 
0,000746 
0,000829 
0,000643 
0,000641 
0,000877 
0,000747 
0,000864 
0,000939 
0,000937 
0,000832 
0,000717 
0,000930 
0,001061 
0,000884 
0,000879 
0,000640 
0,000887 
0,000757 
0,000640 
0,000968 
0,000897 
0,000851 
0,000810 
0,000837 
0,000852 
0,000865 
0,000836 
0,001224 
0,000836 
0,000839 
0,001121 
0,000965 
0,001319 
0,000809 
0,000860 
0,000954 
0,001028 
0,001164 
0,001154 
0,001561 
0,001155 
0,001251 
0,001504 
0,001426 
0,001736 
0,001107 
0,001118 
0,001102 
0,001221 
0,001543 
0,001643 
0,001706 
0,001621 
0,001625 
0,001322 
0,001301 
0,002017 
0,001723 
0,001687 
0,001618 
0,001646 
0,001623 
0,001078 
0,001540 
0,001011 
0,001027 
0,001014 
0,001501 
0,001154 
0,001385 
0,001350 
0,001621 
0,001789

Tempo multiplicação 2thrd 100*100: 
0,001192 
0,001807 
0,001258 
0,001460 
0,001501 
0,002138 
0,001246 
0,000831 
0,000859 
0,000857 
0,000876 
0,000969 
0,001352 
0,000958 
0,000839 
0,000727 
0,000680 
0,001108 
0,000764 
0,000626 
0,000713 
0,000625 
0,000667 
0,000819 
0,000673 
0,000637 
0,000917 
0,000666 
0,000662 
0,001154 
0,000614 
0,000719 
0,000914 
0,000663 
0,000734 
0,001109 
0,000681 
0,000658 
0,000980 
0,000660 
0,000671 
0,000732 
0,000750 
0,000694 
0,000678 
0,000654 
0,000730 
0,000689 
0,000675 
0,000754 
0,000675 
0,000662 
0,000791 
0,000691 
0,000675 
0,001038 
0,000681 
0,000678 
0,001460 
0,000684 
0,000679 
0,000969 
0,000683 
0,000740 
0,001004 
0,000692 
0,000699 
0,000834 
0,000686 
0,000679 
0,000821 
0,000667 
0,000763 
0,001066 
0,000764 
0,000890 
0,000709 
0,000734 
0,000668 
0,000710 
0,000692 
0,000908 
0,000760 
0,000687 
0,001030 
0,000721 
0,000762 
0,000770 
0,000676 
0,000730 
0,000695 
0,000769 
0,000938 
0,000740 
0,000679 
0,000734 
0,000694 
0,000681 
0,000860 
0,000681 
 
Tempo multiplicação 4 thrd 100*100:
0,001264 
0,001751 
0,001110 
0,000913 
0,000684 
0,000528 
0,000830 
0,000652 
0,000756 
0,000449 
0,000664 
0,000553 
0,000690 
0,000608 
0,000736 
0,000544 
0,000575 
0,000621 
0,001361 
0,000596 
0,000740 
0,000612 
0,004170 
0,000667 
0,000642 
0,000524 
0,001133 
0,000717 
0,000582 
0,000564 
0,000742 
0,000612 
0,000788 
0,000629 
0,000627 
0,000663 
0,000540 
0,000671 
0,000555 
0,000559 
0,000537 
0,000735 
0,000639 
0,000636 
0,000640 
0,000561 
0,000694 
0,000591 
0,000669 
0,000607 
0,000656 
0,000569 
0,000608 
0,000546 
0,000619 
0,000591 
0,000664 
0,000652 
0,000807 
0,000650 
0,000919 
0,000597 
0,000588 
0,000921 
0,000669 
0,000446 
0,000594 
0,000652 
0,000559 
0,000469 
0,000664 
0,000631 
0,000855 
0,000474 
0,000721 
0,000440 
0,000569 
0,000917 
0,000882 
0,000680 
0,000640 
0,000679 
0,000641 
0,000635 
0,000718 
0,001597 
0,000620 
0,000763 
0,000732 
0,000652 
0,000601 
0,000466 
0,000591 
0,001281 
0,000829 
0,000624 
0,000829 
0,000604 
0,000692 
0,000580

Tempo multiplicação 1thrd 1000*1000:
0,567995 
0,565765 
0,559439 
0,549975 
0,552818 
0,557282 
0,574917 
0,602320 
0,576430 
0,569180 
0,553112 
0,559425 
0,545609 
0,554246 
0,545098 
0,542657 
0,550675 
0,544515 
0,550040 
0,553315 
0,579188 
0,559599 
0,581290 
0,554401 
0,555459 
0,548093 
0,549326 
0,559502 
0,561482 
0,555894 
0,557947 
0,553682 
0,585864 
0,582465 
0,570903 
0,547749 
0,568100 
0,596734 
0,554589 
0,556487 
0,554516 
0,564755 
0,557993 
0,567634 
0,603644 
0,565283 
0,548615 
0,574006 
0,555482 
0,556869 
0,570458 
0,551415 
0,559572 
0,551364 
0,575636 
0,554332 
0,563306 
0,554346 
0,557785 
0,600436 
0,570198 
0,563961 
0,581273 
0,548946 
0,550598 
0,567815 
0,555936 
0,566452 
0,558074 
0,549190 
0,556023 
0,550850 
0,554481 
0,554361 
0,547628 
0,573917 
0,561431 
0,568368 
0,564326 
0,570271 
0,564946 
0,557459 
0,549224 
0,586043 
0,560788 
0,573792 
0,544482 
0,547214 
0,549735 
0,552392 
0,569361 
0,563623 
0,577274 
0,559377 
0,586492 
0,575976 
0,553908 
0,549156 
0,582678 
0,546125 

Tempo multiplicação 2thrd 1000*1000:
0,287843 
0,280167 
0,281574 
0,420098 
0,504630 
0,284506 
0,289180 
0,297555 
0,349340 
0,297264 
0,285313 
0,377158 
0,337090 
0,298470 
0,285019 
0,285672 
0,338414 
0,281481 
0,281137 
0,281798 
0,292055 
0,413059 
0,282553 
0,284286 
0,297253 
0,312891 
0,380153 
0,282205 
0,297686 
0,285832 
0,283020 
0,295599 
0,318469 
0,289669 
0,281069 
0,300044 
0,377587 
0,286824 
0,287822 
0,327005 
0,290485 
0,309129 
0,326081 
0,293118 
0,289602 
0,292831 
0,316251 
0,298432 
0,283505 
0,336176 
0,286451 
0,307362 
0,290020 
0,285365 
0,354924 
0,334885 
0,289640 
0,291835 
0,287212 
0,318449 
0,304574 
0,415737 
0,284899 
0,295177 
0,443713 
0,298142 
0,294395 
0,319912 
0,287768 
0,388216 
0,322214 
0,309303 
0,290791 
0,295243 
0,429738 
0,344209 
0,292930 
0,317489 
0,290808 
0,314863 
0,343928 
0,298697 
0,342770 
0,330092 
0,419222 
0,371450 
0,306049 
0,405392 
0,320678 
0,374958 
0,299924 
0,412660 
0,297882 
0,318207 
0,365362 
0,371833 
0,292273 
0,328070 
0,445565 
0,370761

Tempo multiplicação 4thrd 1000x1000:
0,257137 
0,210523 
0,260881 
0,229353 
0,282289 
0,247222 
0,262003 
0,249010 
0,281178 
0,235492 
0,284905 
0,253328 
0,253929 
0,251440 
0,195707 
0,280679 
0,233641 
0,215516 
0,222961 
0,237414 
0,243981 
0,232265 
0,235354 
0,241359 
0,215794 
0,244505 
0,229265 
0,220809 
0,233239 
0,244154 
0,257468 
0,251292 
0,254240 
0,249405 
0,216071 
0,225187 
0,217195 
0,234732 
0,213248 
0,223364 
0,262166 
0,244005 
0,210829 
0,248443 
0,214145 
0,261345 
0,246702 
0,225812 
0,205636 
0,215593 
0,267613 
0,243214 
0,220541 
0,190671 
0,210450 
0,267155 
0,256193 
0,241864 
0,241302 
0,232244 
0,233314 
0,205765 
0,256191 
0,240474 
0,245265 
0,234225 
0,253716 
0,244464 
0,230286 
0,235486 
0,239603 
0,264313 
0,250950 
0,258341 
0,256646 
0,248833 
0,217312 
0,277927 
0,283759 
0,267082 
0,200101 
0,293910 
0,216852 
0,224787 
0,255672 
0,283052 
0,232667 
0,232101 
0,244121 
0,227420 
0,305546 
0,248881 
0,211319 
0,237220 
0,282499 
0,233506 
0,252971 
0,219091 
0,198952 
0,252283 
